#JOSM PicLayer plugin calibration data
#Fri Aug 09 07:39:53 GMT+08:00 2024
INITIAL_SCALE=999.9999999996929
M00=-8.937892837316397E-5
M01=0.0021078798885615555
M02=-178.1597377607728
M10=-0.0021078798885615555
M11=-8.937892837316397E-5
M12=458.8485564188327
POSITION_X=1.1553343854958553E7
POSITION_Y=149986.68370509613
