#JOSM PicLayer plugin calibration data
#Fri Aug 09 07:39:33 GMT+08:00 2024
INITIAL_SCALE=6552.730457156591
M00=1.6649438040574485E-5
M01=-2.8069267533124473E-4
M02=-9131.127559317345
M10=2.824365875487549E-4
M11=1.6683699022793885E-5
M12=4557.066922428844
POSITION_X=1.2151358096374724E7
POSITION_Y=444755.29216779745
