#JOSM PicLayer plugin calibration data
#Mon Aug 12 21:58:30 GMT+08:00 2024
INITIAL_SCALE=62.31775068366568
M00=0.03157727686984382
M01=-4.189293819104981E-4
M02=-965.4010716767996
M10=4.189293819104981E-4
M11=0.03157727686984382
M12=-1375.1011433776016
POSITION_X=1.1552137358650638E7
POSITION_Y=144605.18568721504
