#JOSM PicLayer plugin calibration data
#Mon Aug 12 22:01:32 GMT+08:00 2024
INITIAL_SCALE=62.31775068366568
M00=0.027827591713254208
M01=-6.455917582609442E-4
M02=-4530.224292201703
M10=6.351888510448257E-4
M11=0.027379184727048526
M12=3105.566710986262
POSITION_X=1.1554360066489559E7
POSITION_Y=147401.56347043347
