#JOSM PicLayer plugin calibration data
#Mon Aug 12 22:04:54 GMT+08:00 2024
INITIAL_SCALE=62.31775068366568
M00=0.030889584070583762
M01=2.998792025219031E-4
M02=-2548.8650899567133
M10=-2.983008909296825E-4
M11=0.03072700731231753
M12=2831.135622413288
POSITION_X=1.1553126653777586E7
POSITION_Y=147230.949141542
