#JOSM PicLayer plugin calibration data
#Mon Aug 19 14:48:03 GMT+08:00 2024
INITIAL_SCALE=15.579195163480591
M00=0.059714298026500266
M01=0.40469164415189096
M02=271.47609310298174
M10=-0.40469164415189096
M11=0.059714298026500266
M12=35.46518517301165
POSITION_X=1.1551634615969269E7
POSITION_Y=145486.72580057717
