#JOSM PicLayer plugin calibration data
#Mon Aug 12 19:56:20 GMT+08:00 2024
INITIAL_SCALE=49.14286486054687
M00=-0.03562765087668887
M01=-9.14357843821454E-4
M02=-180.50785396986183
M10=9.715510203934406E-4
M11=-0.03653810392865602
M12=487.61212285398017
POSITION_X=1.1551610647331078E7
POSITION_Y=145757.16026188614
