#JOSM PicLayer plugin calibration data
#Mon Aug 12 19:56:15 GMT+08:00 2024
INITIAL_SCALE=49.14286486054687
M00=0.0408957842730812
M01=0.002137167391653031
M02=-1086.6352618756603
M10=-0.002137167391653031
M11=0.0408957842730812
M12=172.79431878419808
POSITION_X=1.1552062413409565E7
POSITION_Y=145603.90758560566
