#JOSM PicLayer plugin calibration data
#Mon Aug 12 19:56:07 GMT+08:00 2024
INITIAL_SCALE=49.14286486054687
M00=-0.03006899692766881
M01=-3.294233156256374E-4
M02=-1656.8114172629219
M10=2.8865859602576836E-4
M11=-0.029103520159578178
M12=1024.7567813309167
POSITION_X=1.155233554534127E7
POSITION_Y=146021.93879823762
