#JOSM PicLayer plugin calibration data
#Tue Aug 20 15:36:34 GMT+08:00 2024
INITIAL_SCALE=36.90238651628722
M00=0.07210551060762277
M01=0.19115722242724803
M02=147.42037703436174
M10=-0.16831607711397517
M11=0.06348971035292265
M12=-252.65967168960017
POSITION_X=1.1551562885106478E7
POSITION_Y=145487.06431836114
