#JOSM PicLayer plugin calibration data
#Tue Aug 20 15:36:25 GMT+08:00 2024
INITIAL_SCALE=268.33034518620974
M00=-0.006159639703532067
M01=0.002239549886749031
M02=-4299.997985069898
M10=-0.0023323971425268483
M11=-0.007272195262561764
M12=2925.71261339852
POSITION_X=1.156314674800295E7
POSITION_Y=153432.14592676883
