#JOSM PicLayer plugin calibration data
#Wed Aug 14 10:04:48 GMT+08:00 2024
INITIAL_SCALE=3.0714293977543288
M00=0.4979917945691855
M01=-0.020330755184296074
M02=-37.546431119838736
M10=0.020330755184296074
M11=0.4979917945691855
M12=-27.991115020362066
POSITION_X=1.1551626456547488E7
POSITION_Y=145473.47707887163
