#JOSM PicLayer plugin calibration data
#Mon Aug 12 21:28:17 GMT+08:00 2024
INITIAL_SCALE=49.14286486054687
M00=0.03286060405115978
M01=2.3576709339874139E-4
M02=66.44599425960322
M10=-2.3127957917592494E-4
M11=0.03223514599454912
M12=-63.994963186285084
POSITION_X=1.1551488599405712E7
POSITION_Y=145486.55844512046
