#JOSM PicLayer plugin calibration data
#Mon Aug 12 19:56:00 GMT+08:00 2024
INITIAL_SCALE=49.14286486054687
M00=-0.032656860600348454
M01=-8.380276804076108E-4
M02=-2102.269393433294
M10=8.431598060022688E-4
M11=-0.032566279526026115
M12=1389.2428421965726
POSITION_X=1.155256277375909E7
POSITION_Y=146200.45246334944
