#JOSM PicLayer plugin calibration data
#Sat Aug 10 17:11:58 GMT+08:00 2024
INITIAL_SCALE=13.981321643626272
M00=-1.8775585606269898E-4
M01=-0.11627873570217317
M02=-2016.0791687981389
M10=0.11627873570217317
M11=-1.8775585606269898E-4
M12=-347.080461902969
POSITION_X=1.1551844788415078E7
POSITION_Y=145413.45874945828
