#JOSM PicLayer plugin calibration data
#Sat Aug 10 17:11:40 GMT+08:00 2024
INITIAL_SCALE=13.981321643626272
M00=0.007246073141854591
M01=-0.17396058198683698
M02=-5933.107286996558
M10=0.21811511007067869
M11=0.005411634173259617
M12=709.9468622046411
POSITION_X=1.1552386275105592E7
POSITION_Y=145579.4887870826
