#JOSM PicLayer plugin calibration data
#Sat Aug 10 17:11:35 GMT+08:00 2024
INITIAL_SCALE=13.981321643626272
M00=-3.502905503526061E-4
M01=-0.17969101766811807
M02=-4679.594679402899
M10=0.18489013300331425
M11=-6.444256751743479E-4
M12=-371.19892245982834
POSITION_X=1.1552210140353128E7
POSITION_Y=145427.6237290317
