#JOSM PicLayer plugin calibration data
#Fri Aug 09 22:54:07 GMT+08:00 2024
INITIAL_SCALE=13.981321643626272
M00=0.021475632770184595
M01=0.08273592045877387
M02=-574.7507939252328
M10=-0.08273592045877387
M11=0.021475632770184595
M12=483.0120655555436
POSITION_X=1.155150921810736E7
POSITION_Y=145502.87915963485
