#JOSM PicLayer plugin calibration data
#Sat Aug 10 17:11:48 GMT+08:00 2024
INITIAL_SCALE=13.981321643626272
M00=-0.0012231094202021105
M01=-0.17122609748875012
M02=-1976.2257894723837
M10=0.20231216209722339
M11=-0.00420890579953888
M12=443.07226291681883
POSITION_X=1.1551834805638647E7
POSITION_Y=145543.16350713157
