#JOSM PicLayer plugin calibration data
#Mon Aug 12 09:23:49 GMT+08:00 2024
INITIAL_SCALE=49.142850692048135
M00=0.0463181440129973
M01=0.0
M02=-756.7302246653845
M10=0.0
M11=0.0433289964202851
M12=718.939704081148
POSITION_X=1.1551933019139593E7
POSITION_Y=145902.67487152052
