#JOSM PicLayer plugin calibration data
#Fri Aug 09 07:12:02 GMT+08:00 2024
INITIAL_SCALE=4.343599999974297
M00=0.3755932903858593
M01=-0.004073619650458672
M02=-397.96116773532935
M10=0.004073619650458672
M11=0.3755932903858593
M12=-210.10827561505226
POSITION_X=1.1551537716728767E7
POSITION_Y=145417.18716033574
