#JOSM PicLayer plugin calibration data
#Mon Aug 12 21:58:21 GMT+08:00 2024
INITIAL_SCALE=62.31775068366568
M00=0.028019953578184254
M01=0.0
M02=-1167.3772855001782
M10=0.0
M11=0.02794616632891816
M12=502.8408632151126
POSITION_X=1.155225807754004E7
POSITION_Y=145778.94080848925
