#JOSM PicLayer plugin calibration data
#Mon Aug 12 22:03:01 GMT+08:00 2024
INITIAL_SCALE=62.31775068366568
M00=0.025836072897476928
M01=-3.302104437761463E-4
M02=1384.381276255844
M10=3.302104437761463E-4
M11=0.025836072897476928
M12=3808.5839343707057
POSITION_X=1.1550673929238724E7
POSITION_Y=147840.09461571058
