#JOSM PicLayer plugin calibration data
#Mon Aug 12 22:06:40 GMT+08:00 2024
INITIAL_SCALE=62.31775068366568
M00=-4.982393720288495E-4
M01=0.027141529578559555
M02=-1362.6206237260624
M10=-0.027141529578559555
M11=-4.982393720288495E-4
M12=709.8723043036783
POSITION_X=1.1552378987844175E7
POSITION_Y=145906.67823797342
