#JOSM PicLayer plugin calibration data
#Fri Aug 09 07:39:46 GMT+08:00 2024
INITIAL_SCALE=999.9999999996929
M00=1.0323176934015873E-4
M01=-0.0020129121162140726
M02=310.89934614316593
M10=0.0020129121162140726
M11=1.0323176934015873E-4
M12=-214.33555563615383
POSITION_X=1.1548456396997875E7
POSITION_Y=143263.73107065883
