#JOSM PicLayer plugin calibration data
#Fri Aug 09 07:39:40 GMT+08:00 2024
INITIAL_SCALE=6552.730457156591
M00=2.7996712124282988E-5
M01=-3.6964875341718485E-4
M02=-1160.1562219571979
M10=3.682197668370821E-4
M11=2.6297454431952882E-5
M12=1069.7647244599702
POSITION_X=1.162763218595311E7
POSITION_Y=215548.37354571928
