#JOSM PicLayer plugin calibration data
#Fri Aug 09 07:39:27 GMT+08:00 2024
INITIAL_SCALE=6552.730457156591
M00=-1.0840528498572841E-5
M01=3.5615104978126876E-4
M02=-1774.396846004849
M10=-3.5176085783816493E-4
M11=-8.997872305969213E-6
M12=1006.2884309332454
POSITION_X=1.166788951634146E7
POSITION_Y=211376.62002217595
