#JOSM PicLayer plugin calibration data
#Fri Aug 09 07:11:36 GMT+08:00 2024
INITIAL_SCALE=2.9140000002752227
M00=0.6074265310505548
M01=-0.013734769629060806
M02=-2404.162130116805
M10=0.013734769629060806
M11=0.6074265310505548
M12=1754.7174874916077
POSITION_X=1.1551599295753E7
POSITION_Y=145476.8025944512
