#JOSM PicLayer plugin calibration data
#Fri Aug 09 07:11:42 GMT+08:00 2024
INITIAL_SCALE=2.9140000002752227
M00=0.5502313617865541
M01=-0.01226460169575959
M02=-225.88724583137952
M10=0.01226460169575959
M11=0.5502313617865541
M12=-729.6574244210454
POSITION_X=1.1551531900430512E7
POSITION_Y=145401.56219407642
