#JOSM PicLayer plugin calibration data
#Fri Aug 09 07:11:50 GMT+08:00 2024
INITIAL_SCALE=12.798301491114014
M00=0.12361608764322267
M01=-6.676356873818458E-4
M02=-528.0358822317529
M10=6.676356873818458E-4
M11=0.12361608764322267
M12=-216.69934197014135
POSITION_X=1.155159516779868E7
POSITION_Y=145397.35829518523
