#JOSM PicLayer plugin calibration data
#Fri Aug 09 07:11:56 GMT+08:00 2024
INITIAL_SCALE=12.798301491114014
M00=0.11625159380815898
M01=-0.0029998813514144212
M02=-702.3569982900082
M10=0.0029998813514144212
M11=0.11625159380815898
M12=-350.80815654988584
POSITION_X=1.1551618016746368E7
POSITION_Y=145379.90917247432
