#JOSM PicLayer plugin calibration data
#Fri Aug 09 07:12:07 GMT+08:00 2024
INITIAL_SCALE=3.557599999392447
M00=-0.6426732212462112
M01=0.006085823916652348
M02=-2116.657128006623
M10=-0.006003018471171166
M11=-0.6458698758721402
M12=-490.79849011604813
POSITION_X=1.1551576938619236E7
POSITION_Y=145407.96174178246
