#JOSM PicLayer plugin calibration data
#Fri Aug 09 07:19:14 GMT+08:00 2024
INITIAL_SCALE=1000.0000000000001
M00=0.01181264603368776
M01=0.0
M02=-670.4688702867028
M10=0.0
M11=0.01181264603368776
M12=1324.631761700472
POSITION_X=1.1558292661671992E7
POSITION_Y=158732.83535555375
