#JOSM PicLayer plugin calibration data
#Wed Aug 14 10:04:35 GMT+08:00 2024
INITIAL_SCALE=1000.0000000000001
M00=-0.002820319953747678
M01=1.181337096333245E-4
M02=-2082.7684189009215
M10=-1.2231543386813243E-4
M11=-0.002920154288393613
M12=-208.79787550164986
POSITION_X=1.157246764819617E7
POSITION_Y=143319.88886887714
