#JOSM PicLayer plugin calibration data
#Mon Aug 12 09:23:59 GMT+08:00 2024
INITIAL_SCALE=49.142850692048135
M00=0.05264604618839631
M01=7.700761735870276E-5
M02=-1399.8164575452477
M10=-5.561501088481672E-5
M11=0.05129631383071798
M12=546.6940268714783
POSITION_X=1.155224257660505E7
POSITION_Y=145820.66704271035
