#JOSM PicLayer plugin calibration data
#Mon Aug 12 09:23:54 GMT+08:00 2024
INITIAL_SCALE=49.142850692048135
M00=4.144697901662452E-5
M01=-0.031744214842906106
M02=-306.16765789900614
M10=0.033358090725519436
M11=4.3554143429829696E-5
M12=-964.8049109008408
POSITION_X=1.1551699686384752E7
POSITION_Y=145061.7934221436
