#JOSM PicLayer plugin calibration data
#Mon Aug 12 09:23:42 GMT+08:00 2024
INITIAL_SCALE=49.142850692048135
M00=0.04027721254854783
M01=4.651717369181707E-4
M02=-1392.8418221927136
M10=-4.14855956304843E-4
M11=0.03785062435264443
M12=621.6664930605617
POSITION_X=1.1552249002291929E7
POSITION_Y=145851.1890553919
