#JOSM PicLayer plugin calibration data
#Mon Aug 12 09:23:32 GMT+08:00 2024
INITIAL_SCALE=49.142850692048135
M00=0.04104091553360232
M01=7.877702095796863E-4
M02=-5396.051798386092
M10=-7.315336069908325E-4
M11=0.03930738156339025
M12=3123.0041099602786
POSITION_X=1.1554206909084365E7
POSITION_Y=147081.2663270017
